[0, 0, 0]
[0, 0, 1]
[1, 1, 0]
[0, 1, 1]
[1, 0, 2]
[0, 2, 1]
[2, 0, 2]
[0, 3, 1]
[2, 1, 2]
[0, 4, 1]
[3, 2, 0]
[3, 0, 3]
[2, 2, 2]
[0, 5, 1]
[3, 1, 3]
[2, 3, 2]
[0, 6, 1]
[4, 3, 0]
[4, 0, 4]
[2, 4, 2]
[0, 7, 1]
[5, 1, 3]
[4, 1, 4]
[2, 5, 2]
[0, 8, 1]
[6, 3, 0]
[5, 0, 5]
[4, 2, 4]
[2, 6, 2]
[0, 9, 1]
[6, 0, 5]
[5, 2, 4]
[2, 7, 2]
[0, 10, 1]
[6, 1, 5]
[5, 3, 4]
[7, 2, 3]
[2, 8, 2]
[0, 11, 1]
[8, 4, 0]
[7, 0, 6]
[6, 2, 5]
[5, 4, 4]
[2, 9, 2]
[0, 12, 1]
[8, 1, 5]
[7, 1, 6]
[5, 5, 4]
[9, 2, 3]
[2, 10, 2]
[0, 13, 1]
[10, 4, 0]
[8, 0, 7]
[7, 3, 5]
[5, 6, 4]
[2, 11, 2]
[0, 14, 1]
[9, 0, 7]
[8, 2, 6]
[7, 4, 5]
[5, 7, 4]
[2, 12, 2]
[0, 15, 1]
[9, 1, 7]
[8, 3, 6]
[7, 5, 5]
[5, 8, 4]
[11, 3, 3]
[2, 13, 2]
[0, 16, 1]
[12, 5, 0]
[10, 0, 8]
[9, 3, 6]
[7, 6, 5]
[5, 9, 4]
[2, 14, 2]
[0, 17, 1]
[11, 1, 7]
[10, 1, 8]
[9, 4, 6]
[7, 7, 5]
[5, 10, 4]
[12, 4, 3]
[2, 15, 2]
[0, 18, 1]
[13, 6, 0]
[11, 0, 9]
[10, 2, 8]
[9, 5, 6]
[7, 8, 5]
[5, 11, 4]
[2, 16, 2]
[0, 19, 1]
[12, 0, 9]
[10, 3, 8]
[9, 6, 6]
[7, 9, 5]
[5, 12, 4]
[11, 7, 3]
[2, 17, 2]
[0, 20, 1]
[11, 2, 9]
[12, 2, 8]
[13, 2, 7]
[9, 7, 6]
[7, 10, 5]
[5, 13, 4]
[14, 5, 3]
[2, 18, 2]
[0, 21, 1]
[15, 7, 0]
[13, 1, 9]
[12, 1, 10]
[11, 4, 8]
[14, 2, 7]
[9, 8, 6]
[7, 11, 5]
[5, 14, 4]
[15, 5, 3]
[2, 19, 2]
[0, 22, 1]
[16, 7, 0]
[13, 0, 11]
[12, 3, 9]
[11, 5, 8]
[9, 9, 6]
[7, 12, 5]
[5, 15, 4]
[2, 20, 2]
[0, 23, 1]
[14, 0, 11]
[13, 3, 9]
[11, 6, 8]
[9, 10, 6]
[7, 13, 5]
[5, 16, 4]
[2, 21, 2]
[0, 24, 1]
[15, 1, 10]
[14, 1, 11]
[13, 4, 9]
[16, 2, 8]
[11, 8, 7]
[9, 11, 6]
[7, 14, 5]
[5, 17, 4]
[17, 6, 3]
[2, 22, 2]
[0, 25, 1]
[18, 8, 0]
[15, 0, 12]
[14, 3, 10]
[13, 5, 9]
[11, 9, 7]
[9, 12, 6]
[7, 15, 5]
[5, 18, 4]
[2, 23, 2]
[0, 26, 1]
[16, 0, 12]
[15, 2, 11]
[14, 4, 10]
[11, 10, 7]
[9, 13, 6]
[7, 16, 5]
[5, 19, 4]
[2, 24, 2]
[0, 27, 1]
[16, 1, 12]
[15, 3, 11]
[17, 2, 10]
[14, 6, 9]
[18, 3, 8]
[11, 11, 7]
[9, 14, 6]
[7, 17, 5]
[5, 20, 4]
[19, 7, 3]
[2, 25, 2]
[0, 28, 1]
[20, 9, 0]
[17, 0, 13]
[15, 4, 11]
[16, 4, 10]
[14, 7, 9]
[11, 12, 7]
[9, 15, 6]
[7, 18, 5]
[5, 21, 4]
[2, 26, 2]
[0, 29, 1]
