[0, 0, 0]
[1, 1, 0]
[3, 2, 0]
[4, 3, 0]
[6, 3, 0]
[8, 4, 0]
[10, 4, 0]
[12, 5, 0]
[13, 6, 0]
[15, 7, 0]
[16, 7, 0]
[18, 8, 0]
[20, 9, 0]
[21, 10, 0]
[23, 10, 0]
[25, 11, 0]
[27, 11, 0]
[29, 12, 0]
[30, 13, 0]
[32, 14, 0]
[33, 14, 0]
[35, 15, 0]
[37, 15, 0]
[39, 16, 0]
[41, 17, 0]
[43, 18, 0]
[44, 18, 0]
[46, 19, 0]
[47, 20, 0]
[49, 20, 0]
[0, 0, 1]
[0, 1, 1]
[0, 2, 1]
[0, 3, 1]
[0, 4, 1]
[0, 5, 1]
[0, 6, 1]
[0, 7, 1]
[0, 8, 1]
[0, 9, 1]
[0, 10, 1]
[0, 11, 1]
[0, 12, 1]
[0, 13, 1]
[0, 14, 1]
[0, 15, 1]
[0, 16, 1]
[0, 17, 1]
[0, 18, 1]
[0, 19, 1]
[0, 20, 1]
[0, 21, 1]
[0, 22, 1]
[0, 23, 1]
[0, 24, 1]
[0, 25, 1]
[0, 26, 1]
[0, 27, 1]
[0, 28, 1]
[0, 29, 1]
[0, 30, 1]
[0, 31, 1]
[0, 32, 1]
[0, 33, 1]
[0, 34, 1]
[0, 35, 1]
[0, 36, 1]
[0, 37, 1]
[0, 38, 1]
[0, 39, 1]
[0, 40, 1]
[0, 41, 1]
[0, 42, 1]
[0, 43, 1]
[0, 44, 1]
[0, 45, 1]
[0, 46, 1]
[0, 47, 1]
[0, 48, 1]
[0, 49, 1]
[0, 50, 1]
[0, 51, 1]
[0, 52, 1]
[0, 53, 1]
[0, 54, 1]
[0, 55, 1]
[0, 56, 1]
[0, 57, 1]
[0, 58, 1]
[0, 59, 1]
[0, 60, 1]
[0, 61, 1]
[0, 62, 1]
[0, 63, 1]
[0, 64, 1]
[0, 65, 1]
[0, 66, 1]
[0, 67, 1]
[0, 68, 1]
[0, 69, 1]
[1, 0, 2]
[2, 0, 2]
[2, 1, 2]
[2, 2, 2]
[2, 3, 2]
[2, 4, 2]
[2, 5, 2]
[2, 6, 2]
[2, 7, 2]
[2, 8, 2]
[2, 9, 2]
[2, 10, 2]
[2, 11, 2]
[2, 12, 2]
[2, 13, 2]
[2, 14, 2]
[2, 15, 2]
[2, 16, 2]
[2, 17, 2]
[2, 18, 2]
[2, 19, 2]
[2, 20, 2]
[2, 21, 2]
[2, 22, 2]
[2, 23, 2]
[2, 24, 2]
[2, 25, 2]
[2, 26, 2]
[2, 27, 2]
[2, 28, 2]
[2, 29, 2]
[2, 30, 2]
[2, 31, 2]
[2, 32, 2]
[2, 33, 2]
[2, 34, 2]
[2, 35, 2]
[2, 36, 2]
[2, 37, 2]
[2, 38, 2]
[2, 39, 2]
[2, 40, 2]
[2, 41, 2]
[2, 42, 2]
[2, 43, 2]
[2, 44, 2]
[2, 45, 2]
[2, 46, 2]
[2, 47, 2]
[2, 48, 2]
[2, 49, 2]
[2, 50, 2]
[2, 51, 2]
[2, 52, 2]
[2, 53, 2]
[2, 54, 2]
[2, 55, 2]
[2, 56, 2]
[2, 57, 2]
[2, 58, 2]
[2, 59, 2]
[2, 60, 2]
[2, 61, 2]
[2, 62, 2]
[2, 63, 2]
[2, 64, 2]
[2, 65, 2]
[2, 66, 2]
[3, 0, 3]
[3, 1, 3]
[5, 1, 3]
[7, 2, 3]
[9, 2, 3]
[11, 3, 3]
[11, 7, 3]
[12, 4, 3]
[14, 5, 3]
[15, 5, 3]
[17, 6, 3]
[19, 7, 3]
[20, 8, 3]
[22, 8, 3]
[24, 9, 3]
[26, 9, 3]
[28, 10, 3]
[29, 11, 3]
[31, 12, 3]
[32, 12, 3]
[34, 13, 3]
[36, 13, 3]
[38, 14, 3]
[40, 15, 3]
[42, 16, 3]
[43, 16, 3]
[45, 17, 3]
[46, 18, 3]
[48, 18, 3]
[4, 0, 4]
[4, 1, 4]
[4, 2, 4]
[5, 2, 4]
[5, 3, 4]
[5, 4, 4]
[5, 5, 4]
[5, 6, 4]
[5, 7, 4]
[5, 8, 4]
[5, 9, 4]
[5, 10, 4]
[5, 11, 4]
[5, 12, 4]
[5, 13, 4]
[5, 14, 4]
[5, 15, 4]
[5, 16, 4]
[5, 17, 4]
[5, 18, 4]
[5, 19, 4]
[5, 20, 4]
[5, 21, 4]
[5, 22, 4]
[5, 23, 4]
[5, 24, 4]
[5, 25, 4]
[5, 26, 4]
[5, 27, 4]
[5, 28, 4]
[5, 29, 4]
[5, 30, 4]
[5, 31, 4]
[5, 32, 4]
[5, 33, 4]
[5, 34, 4]
[5, 35, 4]
[5, 36, 4]
[5, 37, 4]
[5, 38, 4]
[5, 39, 4]
[5, 40, 4]
[5, 41, 4]
[5, 42, 4]
[5, 43, 4]
[5, 44, 4]
[5, 45, 4]
[5, 46, 4]
[5, 47, 4]
[5, 48, 4]
[5, 49, 4]
[5, 50, 4]
[5, 51, 4]
[5, 52, 4]
[5, 53, 4]
[5, 54, 4]
[5, 55, 4]
[5, 56, 4]
[5, 57, 4]
[5, 58, 4]
[5, 59, 4]
[5, 60, 4]
[5, 61, 4]
[5, 0, 5]
[6, 0, 5]
[6, 1, 5]
[6, 2, 5]
[7, 3, 5]
[7, 4, 5]
[7, 5, 5]
[7, 6, 5]
[7, 7, 5]
[7, 8, 5]
[7, 9, 5]
[7, 10, 5]
[7, 11, 5]
[7, 12, 5]
[7, 13, 5]
[7, 14, 5]
[7, 15, 5]
[7, 16, 5]
[7, 17, 5]
[7, 18, 5]
[7, 19, 5]
[7, 20, 5]
[7, 21, 5]
[7, 22, 5]
[7, 23, 5]
[7, 24, 5]
[7, 25, 5]
[7, 26, 5]
[7, 27, 5]
[7, 28, 5]
[7, 29, 5]
[7, 30, 5]
[7, 31, 5]
[7, 32, 5]
[7, 33, 5]
[7, 34, 5]
[7, 35, 5]
[7, 36, 5]
[7, 37, 5]
[7, 38, 5]
[7, 39, 5]
[7, 40, 5]
[7, 41, 5]
[7, 42, 5]
[7, 43, 5]
[7, 44, 5]
[7, 45, 5]
[7, 46, 5]
[7, 47, 5]
[7, 48, 5]
[7, 49, 5]
[7, 50, 5]
[7, 51, 5]
[7, 52, 5]
[7, 53, 5]
[7, 54, 5]
[7, 55, 5]
[7, 56, 5]
[7, 57, 5]
[7, 58, 5]
[8, 1, 5]
[7, 0, 6]
[7, 1, 6]
[8, 2, 6]
[8, 3, 6]
[9, 3, 6]
[9, 4, 6]
[9, 5, 6]
[9, 6, 6]
[9, 7, 6]
[9, 8, 6]
[9, 9, 6]
[9, 10, 6]
[9, 11, 6]
[9, 12, 6]
[9, 13, 6]
[9, 14, 6]
[9, 15, 6]
[9, 16, 6]
[9, 17, 6]
[9, 18, 6]
[9, 19, 6]
[9, 20, 6]
[9, 21, 6]
[9, 22, 6]
[9, 23, 6]
[9, 24, 6]
[9, 25, 6]
[9, 26, 6]
[9, 27, 6]
[9, 28, 6]
[9, 29, 6]
[9, 30, 6]
[9, 31, 6]
[9, 32, 6]
[9, 33, 6]
[9, 34, 6]
[9, 35, 6]
[9, 36, 6]
[9, 37, 6]
[9, 38, 6]
[9, 39, 6]
[9, 40, 6]
[9, 41, 6]
[9, 42, 6]
[9, 43, 6]
[9, 44, 6]
[9, 45, 6]
[9, 46, 6]
[9, 47, 6]
[9, 48, 6]
[9, 49, 6]
[9, 50, 6]
[9, 51, 6]
[9, 52, 6]
[9, 53, 6]
[9, 54, 6]
[9, 55, 6]
[8, 0, 7]
[9, 0, 7]
[9, 1, 7]
[11, 1, 7]
[11, 8, 7]
[11, 9, 7]
[11, 10, 7]
[11, 11, 7]
[11, 12, 7]
[11, 13, 7]
[11, 14, 7]
[11, 15, 7]
[11, 16, 7]
[11, 17, 7]
[11, 18, 7]
[11, 19, 7]
[11, 20, 7]
[11, 21, 7]
[11, 22, 7]
[11, 23, 7]
[11, 24, 7]
[11, 25, 7]
[11, 26, 7]
[11, 27, 7]
[11, 28, 7]
[11, 29, 7]
[11, 30, 7]
[11, 31, 7]
[11, 32, 7]
[11, 33, 7]
[11, 34, 7]
[11, 35, 7]
[11, 36, 7]
[11, 37, 7]
[11, 38, 7]
[11, 39, 7]
[11, 40, 7]
[11, 41, 7]
[11, 42, 7]
[11, 43, 7]
[11, 44, 7]
[11, 45, 7]
[11, 46, 7]
[11, 47, 7]
[11, 48, 7]
[11, 49, 7]
[11, 50, 7]
[11, 51, 7]
[11, 52, 7]
[13, 2, 7]
[14, 2, 7]
[10, 0, 8]
[10, 1, 8]
[10, 2, 8]
[10, 3, 8]
[11, 4, 8]
[11, 5, 8]
[11, 6, 8]
[12, 2, 8]
[16, 2, 8]
[18, 3, 8]
[19, 4, 8]
[21, 4, 8]
[23, 5, 8]
[25, 5, 8]
[26, 7, 8]
[28, 7, 8]
[30, 8, 8]
[31, 8, 8]
[33, 9, 8]
[35, 9, 8]
[36, 11, 8]
[38, 12, 8]
[40, 13, 8]
[42, 12, 8]
[43, 14, 8]
[45, 14, 8]
[47, 14, 8]
[11, 0, 9]
[11, 2, 9]
[12, 0, 9]
[12, 3, 9]
[13, 1, 9]
[13, 3, 9]
[13, 4, 9]
[13, 5, 9]
[14, 6, 9]
[14, 7, 9]
[14, 8, 9]
[14, 9, 9]
[14, 10, 9]
[14, 11, 9]
[14, 12, 9]
[14, 13, 9]
[14, 14, 9]
[14, 15, 9]
[14, 16, 9]
[14, 17, 9]
[14, 18, 9]
[14, 19, 9]
[14, 20, 9]
[14, 21, 9]
[14, 22, 9]
[14, 23, 9]
[14, 24, 9]
[14, 25, 9]
[14, 26, 9]
[14, 27, 9]
[14, 28, 9]
[14, 29, 9]
[14, 30, 9]
[14, 31, 9]
[14, 32, 9]
[14, 33, 9]
[14, 34, 9]
[14, 35, 9]
[14, 36, 9]
[14, 37, 9]
[14, 38, 9]
[14, 39, 9]
[14, 40, 9]
[14, 41, 9]
[14, 42, 9]
[14, 43, 9]
[14, 44, 9]
[14, 45, 9]
[14, 46, 9]
[14, 47, 9]
[12, 1, 10]
[14, 3, 10]
[14, 4, 10]
[15, 1, 10]
[15, 6, 10]
[16, 4, 10]
[17, 2, 10]
[20, 3, 10]
[22, 4, 10]
[24, 4, 10]
[24, 7, 10]
[27, 6, 10]
[29, 7, 10]
[30, 7, 10]
[32, 8, 10]
[34, 8, 10]
[34, 11, 10]
[37, 11, 10]
[39, 12, 10]
[41, 11, 10]
[41, 14, 10]
[44, 13, 10]
[46, 13, 10]
[13, 0, 11]
[14, 0, 11]
[14, 1, 11]
[15, 2, 11]
[15, 3, 11]
[15, 4, 11]
[16, 5, 11]
[16, 6, 11]
[17, 7, 11]
[17, 8, 11]
[17, 9, 11]
[17, 10, 11]
[17, 11, 11]
[17, 12, 11]
[17, 13, 11]
[17, 14, 11]
[17, 15, 11]
[17, 16, 11]
[17, 17, 11]
[17, 18, 11]
[17, 19, 11]
[17, 20, 11]
[17, 21, 11]
[17, 22, 11]
[17, 23, 11]
[17, 24, 11]
[17, 25, 11]
[17, 26, 11]
[17, 27, 11]
[17, 28, 11]
[17, 29, 11]
[17, 30, 11]
[17, 31, 11]
[17, 32, 11]
[17, 33, 11]
[17, 34, 11]
[17, 35, 11]
[17, 36, 11]
[17, 37, 11]
[17, 38, 11]
[17, 39, 11]
[17, 40, 11]
[17, 41, 11]
[17, 42, 11]
[18, 2, 11]
[18, 5, 11]
[15, 0, 12]
[16, 0, 12]
[16, 1, 12]
[16, 3, 12]
[17, 3, 12]
[17, 4, 12]
[17, 5, 12]
[18, 6, 12]
[18, 7, 12]
[19, 8, 12]
[19, 9, 12]
[19, 10, 12]
[19, 11, 12]
[19, 12, 12]
[19, 13, 12]
[19, 14, 12]
[19, 15, 12]
[19, 16, 12]
[19, 17, 12]
[19, 18, 12]
[19, 19, 12]
[19, 20, 12]
[19, 21, 12]
[19, 22, 12]
[19, 23, 12]
[19, 24, 12]
[19, 25, 12]
[19, 26, 12]
[19, 27, 12]
[19, 28, 12]
[19, 29, 12]
[19, 30, 12]
[19, 31, 12]
[19, 32, 12]
[19, 33, 12]
[19, 34, 12]
[19, 35, 12]
[19, 36, 12]
[19, 37, 12]
[19, 38, 12]
[19, 39, 12]
[23, 3, 12]
[17, 0, 13]
[17, 1, 13]
[18, 4, 13]
[19, 1, 13]
[19, 5, 13]
[19, 6, 13]
[21, 2, 13]
[21, 6, 13]
[23, 8, 13]
[25, 3, 13]
[25, 7, 13]
[26, 4, 13]
[28, 5, 13]
[29, 5, 13]
[31, 6, 13]
[33, 6, 13]
[35, 7, 13]
[36, 9, 13]
[38, 10, 13]
[40, 9, 13]
[42, 10, 13]
[43, 11, 13]
[45, 11, 13]
[18, 0, 14]
[18, 1, 14]
[19, 2, 14]
[19, 3, 14]
[20, 4, 14]
[20, 5, 14]
[20, 6, 14]
[20, 7, 14]
[21, 7, 14]
[21, 8, 14]
[21, 9, 14]
[22, 9, 14]
[22, 10, 14]
[22, 11, 14]
[22, 12, 14]
[22, 13, 14]
[22, 14, 14]
[22, 15, 14]
[22, 16, 14]
[22, 17, 14]
[22, 18, 14]
[22, 19, 14]
[22, 20, 14]
[22, 21, 14]
[22, 22, 14]
[22, 23, 14]
[22, 24, 14]
[22, 25, 14]
[22, 26, 14]
[22, 27, 14]
[22, 28, 14]
[22, 29, 14]
[22, 30, 14]
[22, 31, 14]
[22, 32, 14]
[22, 33, 14]
[22, 34, 14]
[19, 0, 15]
[20, 0, 15]
[20, 1, 15]
[20, 2, 15]
[21, 3, 15]
[21, 5, 15]
[22, 1, 15]
[22, 5, 15]
[22, 6, 15]
[22, 7, 15]
[23, 9, 15]
[24, 10, 15]
[24, 11, 15]
[24, 12, 15]
[24, 13, 15]
[24, 14, 15]
[24, 15, 15]
[24, 16, 15]
[24, 17, 15]
[24, 18, 15]
[24, 19, 15]
[24, 20, 15]
[24, 21, 15]
[24, 22, 15]
[24, 23, 15]
[24, 24, 15]
[24, 25, 15]
[24, 26, 15]
[24, 27, 15]
[24, 28, 15]
[24, 29, 15]
[24, 30, 15]
[24, 31, 15]
[27, 4, 15]
[21, 0, 16]
[21, 1, 16]
[22, 2, 16]
[22, 3, 16]
[23, 4, 16]
[23, 6, 16]
[23, 7, 16]
[24, 8, 16]
[25, 8, 16]
[25, 9, 16]
[25, 10, 16]
[26, 10, 16]
[26, 11, 16]
[26, 12, 16]
[26, 13, 16]
[26, 14, 16]
[26, 15, 16]
[26, 16, 16]
[26, 17, 16]
[26, 18, 16]
[26, 19, 16]
[26, 20, 16]
[26, 21, 16]
[26, 22, 16]
[26, 23, 16]
[26, 24, 16]
[26, 25, 16]
[26, 26, 16]
[26, 27, 16]
[26, 28, 16]
[28, 3, 16]
[22, 0, 17]
[23, 0, 17]
[23, 1, 17]
[23, 2, 17]
[24, 5, 17]
[24, 6, 17]
[25, 1, 17]
[25, 6, 17]
[26, 8, 17]
[28, 9, 17]
[28, 11, 17]
[28, 12, 17]
[28, 13, 17]
[28, 14, 17]
[28, 15, 17]
[28, 16, 17]
[28, 17, 17]
[28, 18, 17]
[28, 19, 17]
[28, 20, 17]
[28, 21, 17]
[28, 22, 17]
[28, 23, 17]
[28, 24, 17]
[28, 25, 17]
[30, 3, 17]
[32, 3, 17]
[33, 5, 17]
[24, 0, 18]
[24, 1, 18]
[24, 2, 18]
[24, 3, 18]
[25, 4, 18]
[26, 2, 18]
[26, 5, 18]
[26, 6, 18]
[27, 7, 18]
[27, 8, 18]
[27, 9, 18]
[27, 10, 18]
[30, 10, 18]
[35, 12, 18]
[37, 6, 18]
[39, 5, 18]
[42, 7, 18]
[44, 7, 18]
[25, 0, 19]
[25, 2, 19]
[26, 0, 19]
[26, 3, 19]
[27, 1, 19]
[27, 5, 19]
[28, 6, 19]
[28, 8, 19]
[29, 2, 19]
[29, 8, 19]
[29, 9, 19]
[29, 10, 19]
[30, 11, 19]
[30, 12, 19]
[31, 2, 19]
[31, 13, 19]
[31, 14, 19]
[31, 15, 19]
[31, 16, 19]
[31, 17, 19]
[31, 18, 19]
[31, 19, 19]
[31, 20, 19]
[38, 5, 19]
[26, 1, 20]
[27, 2, 20]
[27, 3, 20]
[28, 4, 20]
[29, 6, 20]
[30, 9, 20]
[31, 9, 20]
[31, 10, 20]
[31, 11, 20]
[32, 13, 20]
[33, 11, 20]
[35, 3, 20]
[41, 6, 20]
[43, 6, 20]
[27, 0, 21]
[28, 0, 21]
[28, 1, 21]
[28, 2, 21]
[29, 3, 21]
[29, 4, 21]
[30, 1, 21]
[30, 4, 21]
[30, 5, 21]
[30, 6, 21]
[31, 7, 21]
[32, 5, 21]
[32, 9, 21]
[32, 10, 21]
[32, 11, 21]
[33, 12, 21]
[33, 13, 21]
[34, 14, 21]
[34, 15, 21]
[35, 5, 21]
[40, 4, 21]
[29, 0, 22]
[29, 1, 22]
[30, 2, 22]
[31, 3, 22]
[31, 4, 22]
[31, 5, 22]
[32, 1, 22]
[32, 6, 22]
[32, 7, 22]
[33, 7, 22]
[33, 8, 22]
[33, 10, 22]
[34, 12, 22]
[35, 13, 22]
[40, 5, 22]
[42, 5, 22]
[30, 0, 23]
[31, 0, 23]
[31, 1, 23]
[32, 2, 23]
[32, 4, 23]
[34, 1, 23]
[34, 3, 23]
[34, 9, 23]
[34, 10, 23]
[35, 10, 23]
[35, 11, 23]
[36, 2, 23]
[36, 5, 23]
[37, 2, 23]
[39, 3, 23]
[32, 0, 24]
[33, 0, 24]
[33, 1, 24]
[33, 2, 24]
[33, 3, 24]
[33, 4, 24]
[34, 4, 24]
[34, 5, 24]
[34, 6, 24]
[34, 7, 24]
[35, 8, 24]
[36, 10, 24]
[37, 5, 24]
[37, 8, 24]
[34, 0, 25]
[34, 2, 25]
[35, 0, 25]
[35, 4, 25]
[35, 6, 25]
[36, 1, 25]
[36, 6, 25]
[36, 7, 25]
[36, 8, 25]
[38, 2, 25]
[38, 7, 25]
[35, 1, 26]
[35, 2, 26]
[36, 3, 26]
[36, 4, 26]
[37, 7, 26]
[38, 4, 26]
[39, 2, 26]
[41, 2, 26]
[36, 0, 27]
[37, 0, 27]
[37, 1, 27]
[37, 3, 27]
[37, 4, 27]
[39, 4, 27]
[40, 2, 27]
[38, 0, 28]
[38, 1, 28]
[38, 3, 28]
[39, 0, 29]
[39, 1, 29]
[40, 0, 30]
