Done: 3x15
Symmetric:
[3, 3, | 1, 1]
[3, 3, |2,| 1, 1]
[3, 3, |3,| 2, 2]
[3, 3, 3, | 1, 1, 1]
[3, 3, 2, | 2, 1, 1]
[3, 3, 3, |2,| 1, 1, 1]
[3, 3, 2, |2,| 2, 1, 1]
[3, 3, 3, |3,| 2, 2, 2]
[3, 3, 3, 3, | 1, 1, 1, 1]
[3, 3, 2, 2, | 2, 2, 1, 1]
[3, 3, 3, 3, |2,| 1, 1, 1, 1]
[3, 3, 2, 2, |2,| 2, 2, 1, 1]
[3, 3, 3, 3, 3, | 1, 1, 1, 1, 1]
[3, 3, 3, 3, 2, | 2, 1, 1, 1, 1]
[3, 3, 2, 2, 2, | 2, 2, 2, 1, 1]
[3, 3, 3, 3, 3, |3,| 1, 1, 1, 1, 1]
[3, 3, 2, 2, 2, |2,| 2, 2, 2, 1, 1]
[3, 3, 2, 2, 2, 2, | 2, 2, 2, 2, 1, 1]
[3, 3, 3, 3, 3, 3, |3,| 1, 1, 1, 1, 1, 1]
[3, 3, 2, 2, 2, 2, |2,| 2, 2, 2, 2, 1, 1]
[3, 3, 3, 3, 3, 2, 2, |2,| 2, 2, 1, 1, 1, 1]
[3, 3, 2, 2, 2, 2, 2, |2,| 2, 2, 2, 2, 1, 1]
[3, 3, 2, 2, 2, 2, 2, |2,| 2, 2, 2, 2, 2, 1, 1]
[3, 3, 3, 3, 3, 3, 3, |3,| 1, 1, 1, 1, 1, 1, 1]

Not:
[3, 3, 3, 3, 3, 2, 1, 1, 1]
[3, 3, 3, 3, 3, 3, 2, 2, 2]
[3, 3, 3, 3, 3, 2, 2, 1, 1, 1, 1]
[3, 3, 3, 3, 3, 3, 2, 1, 1, 1, 1, 1]
[3, 3, 3, 3, 3, 2, 2, 2, 1, 1, 1, 1]
[3, 3, 3, 3, 3, 3, 3, 2, 2, 1, 1, 1]
[3, 3, 3, 3, 3, 3, 3, 3, 2, 2, 2, 2]
[3, 3, 3, 3, 3, 3, 2, 2, 1, 1, 1, 1, 1]
[3, 3, 3, 3, 3, 2, 2, 2, 2, 1, 1, 1, 1]
[3, 3, 3, 3, 3, 3, 3, 3, 2, 1, 1, 1, 1, 1]
[3, 3, 3, 3, 3, 3, 3, 2, 1, 1, 1, 1, 1, 1]
[3, 3, 3, 3, 3, 3, 3, 3, 3, 2, 2, 1, 1, 1]
[3, 3, 3, 3, 3, 3, 3, 3, 3, 3, 2, 2, 2, 2]
[3, 3, 3, 3, 3, 3, 3, 2, 2, 2, 1, 1, 1, 1, 1]
[3, 3, 3, 3, 3, 2, 2, 2, 2, 2, 2, 1, 1, 1, 1]