[3, 2][1, 1, 0]
[3, 1, 1][1, 0, 2]
[3, 3, 1, 1][2, 0, 2]
[3, 3, 2, 1, 1][2, 1, 2]
[3, 3, 3, 2, 2][3, 2, 0]
[3, 3, 3, 1, 1, 1][3, 0, 3]
[3, 3, 2, 2, 1, 1][2, 2, 2]
[3, 3, 3, 2, 1, 1, 1][3, 1, 3]
[3, 3, 2, 2, 2, 1, 1][2, 3, 2]
[3, 3, 3, 3, 2, 2, 2][4, 3, 0]
[3, 3, 3, 3, 1, 1, 1, 1][4, 0, 4]
[3, 3, 2, 2, 2, 2, 1, 1][2, 4, 2]
[3, 3, 3, 3, 3, 2, 1, 1, 1][5, 1, 3]
[3, 3, 3, 3, 2, 1, 1, 1, 1][4, 1, 4]
[3, 3, 2, 2, 2, 2, 2, 1, 1][2, 5, 2]
[3, 3, 3, 3, 3, 3, 2, 2, 2][6, 3, 0]
[3, 3, 3, 3, 3, 1, 1, 1, 1, 1][5, 0, 5]
[3, 3, 3, 3, 2, 2, 1, 1, 1, 1][4, 2, 4]
[3, 3, 2, 2, 2, 2, 2, 2, 1, 1][2, 6, 2]
[3, 3, 3, 3, 3, 3, 1, 1, 1, 1, 1][6, 0, 5]
[3, 3, 3, 3, 3, 2, 2, 1, 1, 1, 1][5, 2, 4]
[3, 3, 2, 2, 2, 2, 2, 2, 2, 1, 1][2, 7, 2]
[3, 3, 3, 3, 3, 3, 2, 1, 1, 1, 1, 1][6, 1, 5]
[3, 3, 3, 3, 3, 2, 2, 2, 1, 1, 1, 1][5, 3, 4]
[3, 3, 3, 3, 3, 3, 3, 2, 2, 1, 1, 1][7, 2, 3]
[3, 3, 2, 2, 2, 2, 2, 2, 2, 2, 1, 1][2, 8, 2]
[3, 3, 3, 3, 3, 3, 3, 3, 2, 2, 2, 2][8, 4, 0]
[3, 3, 3, 3, 3, 3, 3, 1, 1, 1, 1, 1, 1][7, 0, 6]
[3, 3, 3, 3, 3, 3, 2, 2, 1, 1, 1, 1, 1][6, 2, 5]
[3, 3, 3, 3, 3, 2, 2, 2, 2, 1, 1, 1, 1][5, 4, 4]
[3, 3, 2, 2, 2, 2, 2, 2, 2, 2, 2, 1, 1][2, 9, 2]
[3, 3, 3, 3, 3, 3, 3, 3, 2, 1, 1, 1, 1, 1][8, 1, 5]
[3, 3, 3, 3, 3, 3, 3, 2, 1, 1, 1, 1, 1, 1][7, 1, 6]
[3, 3, 3, 3, 3, 2, 2, 2, 2, 2, 1, 1, 1, 1][5, 5, 4]
[3, 3, 3, 3, 3, 3, 3, 3, 3, 2, 2, 1, 1, 1][9, 2, 3]
[3, 3, 2, 2, 2, 2, 2, 2, 2, 2, 2, 2, 1, 1][2, 10, 2]
[3, 3, 3, 3, 3, 3, 3, 3, 3, 3, 2, 2, 2, 2][10, 4, 0]
[3, 3, 3, 3, 3, 3, 3, 3, 1, 1, 1, 1, 1, 1, 1][8, 0, 7]
[3, 3, 3, 3, 3, 3, 3, 2, 2, 2, 1, 1, 1, 1, 1][7, 3, 5]
[3, 3, 3, 3, 3, 2, 2, 2, 2, 2, 2, 1, 1, 1, 1][5, 6, 4]
[3, 3, 2, 2, 2, 2, 2, 2, 2, 2, 2, 2, 2, 1, 1][2, 11, 2]
[3, 3, 3, 3, 3, 3, 3, 3, 3, 1, 1, 1, 1, 1, 1, 1][9, 0, 7]
[3, 3, 3, 3, 3, 3, 3, 3, 2, 2, 1, 1, 1, 1, 1, 1][8, 2, 6]
[3, 3, 3, 3, 3, 3, 3, 2, 2, 2, 2, 1, 1, 1, 1, 1][7, 4, 5]
[3, 3, 3, 3, 3, 2, 2, 2, 2, 2, 2, 2, 1, 1, 1, 1][5, 7, 4]
[3, 3, 2, 2, 2, 2, 2, 2, 2, 2, 2, 2, 2, 2, 1, 1][2, 12, 2]
[3, 3, 3, 3, 3, 3, 3, 3, 3, 2, 1, 1, 1, 1, 1, 1, 1][9, 1, 7]
[3, 3, 3, 3, 3, 3, 3, 3, 2, 2, 2, 1, 1, 1, 1, 1, 1][8, 3, 6]
[3, 3, 3, 3, 3, 3, 3, 2, 2, 2, 2, 2, 1, 1, 1, 1, 1][7, 5, 5]
[3, 3, 3, 3, 3, 2, 2, 2, 2, 2, 2, 2, 2, 1, 1, 1, 1][5, 8, 4]
[3, 3, 3, 3, 3, 3, 3, 3, 3, 3, 3, 2, 2, 2, 1, 1, 1][11, 3, 3]
[3, 3, 2, 2, 2, 2, 2, 2, 2, 2, 2, 2, 2, 2, 2, 1, 1][2, 13, 2]
[3, 3, 3, 3, 3, 3, 3, 3, 3, 3, 3, 3, 2, 2, 2, 2, 2][12, 5, 0]
[3, 3, 3, 3, 3, 3, 3, 3, 3, 3, 1, 1, 1, 1, 1, 1, 1, 1][10, 0, 8]
[3, 3, 3, 3, 3, 3, 3, 3, 3, 2, 2, 2, 1, 1, 1, 1, 1, 1][9, 3, 6]
[3, 3, 3, 3, 3, 3, 3, 2, 2, 2, 2, 2, 2, 1, 1, 1, 1, 1][7, 6, 5]
[3, 3, 3, 3, 3, 2, 2, 2, 2, 2, 2, 2, 2, 2, 1, 1, 1, 1][5, 9, 4]
[3, 3, 2, 2, 2, 2, 2, 2, 2, 2, 2, 2, 2, 2, 2, 2, 1, 1][2, 14, 2]
[3, 3, 3, 3, 3, 3, 3, 3, 3, 3, 3, 2, 1, 1, 1, 1, 1, 1, 1][11, 1, 7]
[3, 3, 3, 3, 3, 3, 3, 3, 3, 3, 2, 1, 1, 1, 1, 1, 1, 1, 1][10, 1, 8]
[3, 3, 3, 3, 3, 3, 3, 3, 3, 2, 2, 2, 2, 1, 1, 1, 1, 1, 1][9, 4, 6]
[3, 3, 3, 3, 3, 3, 3, 2, 2, 2, 2, 2, 2, 2, 1, 1, 1, 1, 1][7, 7, 5]
[3, 3, 3, 3, 3, 2, 2, 2, 2, 2, 2, 2, 2, 2, 2, 1, 1, 1, 1][5, 10, 4]
[3, 3, 3, 3, 3, 3, 3, 3, 3, 3, 3, 3, 2, 2, 2, 2, 1, 1, 1][12, 4, 3]
[3, 3, 2, 2, 2, 2, 2, 2, 2, 2, 2, 2, 2, 2, 2, 2, 2, 1, 1][2, 15, 2]
[3, 3, 3, 3, 3, 3, 3, 3, 3, 3, 3, 3, 3, 2, 2, 2, 2, 2, 2][13, 6, 0]
[3, 3, 3, 3, 3, 3, 3, 3, 3, 3, 3, 1, 1, 1, 1, 1, 1, 1, 1, 1][11, 0, 9]
[3, 3, 3, 3, 3, 3, 3, 3, 3, 3, 2, 2, 1, 1, 1, 1, 1, 1, 1, 1][10, 2, 8]
[3, 3, 3, 3, 3, 3, 3, 3, 3, 2, 2, 2, 2, 2, 1, 1, 1, 1, 1, 1][9, 5, 6]
[3, 3, 3, 3, 3, 3, 3, 2, 2, 2, 2, 2, 2, 2, 2, 1, 1, 1, 1, 1][7, 8, 5]
[3, 3, 3, 3, 3, 2, 2, 2, 2, 2, 2, 2, 2, 2, 2, 2, 1, 1, 1, 1][5, 11, 4]
[3, 3, 2, 2, 2, 2, 2, 2, 2, 2, 2, 2, 2, 2, 2, 2, 2, 2, 1, 1][2, 16, 2]
